17665590217466058234
6134607959356140908
15386061573227437008
7266010867893484458
16333723913323162595
7507832739490001537
8494620288367340364
6702368095486990063
11410222059151759473
8385257460594566154
6298189417658286631
17335264397760570341
7242353022192636980
9621706652266111346
15365934451750898730
16076038196809340632
5723269991720691290
1146441668416829644
6163324571556653379
9144932826639471713
11937063150833398468
8269159187497757373
732676462412253038
9514715138326036100
14896359081295760652
2359395561192081839
4497577015767168029
10102316619060746280
15147799065373650110
18156465487902150848
650447369211550352
10073178584317158683
3260047078645425356
6762496356920646072
16414436958772207235
10870306463951370200
2277600509478731245
16263517820068785406
8413022496147063853
655468015906100538
12804127689346380910
9385345893969668445
2658855003842960719
14420905805444635953
14980172801528869406
8504654406519859789
7386199779723352871
12856874944616346874
6919225589533380800
7428596327378493285
10404057346326920305
14503556873971470523
14358164812000947241
6773895489584036313
8255981629027020863
12907137009507416799
14449338523403105038
11705525308557775476
6128328471640700706
7934150378273536556
12629770480472901925
9335660450633748534
4759285059915893085
17431259706032854903
1602816660481660447
9119336062712764161
15195816429420107066
17171629399326926706
16017387304217722535
5180205977388321672
17570697981969058687
9750438456823310649
7809982197385222663
784449035958929577
11542984055241137688
17376671960930067717
8877894862321327776
7651532861328410953
3180380207314213508
2491838779081043777
9303766226792068387
6429321695934639356
17756759432030304562
5442773815187567284
14938408442921096310
1279082371948717754
17782913516763479057
11809032040349904844
4238493709850344074
7633074215743084646
5529731774477046757
15470316697248035136
10726280277109247687
15543548266264475774
17746510045501168417
17408453628357532014
9880827618288203799
5419774917976976203
14174354016688728343
5364988696211811685
9806910055161739275
8894926830001383970
327753059204809399
3278226662343721074
4051408783685314809
14171742478688082142
8843280547933662785
1544742845060130269
157408904985443061
12802819452288623424
5854049634611521783
10974107801107809435
11441059909574072157
4534967072760149090
2050186574965532091
525540379606959611
14504702909006171433
11242537346333486080
13612955446301322966
15445288286791472775
8450225766119325441
14541466147333757391
2735017830669602224
17885673577774476386
6706288361334630775
9034152201307365371
10369752802740563053
6869076310191646444
6808348540158144835
8817456356169999894
16236357880533801407
8832227251593627256
16102086077067442959
7285113846491256885
10203101640022575707
1065399658545350332
1792895998409324734
7108884894541840688
17781059134728798615
15762908788290157957
168408581159360552
1870058025892168659
13537955122115479128
3209108493757871133
4154452226195545450
6054193962135929349
16162141140187962433
8119396169718300973
8432686624194023074
1578925872828219983
8172355027757751903
10342548311821780109
11380423570705350686
12601063947330307179
9037582275901595094
10773047388745873200
12531410494265286111
13779268994589573786
14301105672827799114
16990738173967667683
14633261647552601496
12717482214877461066
6233568283721620338
10560352200519171450
13103222840085070486
2108320507159336021
5615145956157127310
10586030857502954339
8835361337087422509
7515668069515527669
1845652650675468688
3921863280525692514
14882861258920748010
1047506049874362753
1194701493457702213
6490298579293150990
7646251730629678201
5183203984657250864
1158054240990844501
11206968359236910825
1357018583349070865
14525128419694501003
7217139422125800216
8501617460456229484
915591038438742305
3810807920244998622
3291003804105486018
2075317048105165518
12985180778641704990
12834851530240263787
17748228329140487741
11667973172945002447
17485227632610834543
3472315542272892905
13148021813942578908
2888674248324592265
3741559501415146580
6712454934620138661
11660629558245365943
11154200754446064844
6304545043119511443
7590267977899253034
9756307317654741324
3254103730757583203
7637128289279161064
2311901772529476421
8947146884928875010
12361228136890911841
13546029834257184864
3618208388972289833
11503858438261020194
12563681332834922854
9360073081712139370
873834804621269065
66026580745361622
14280837664360359319
3613205790241736390
15025498750743339889
8280151115406554062
3315727149832043104
6963044762906479311
1339340854857054935
1929883323667805171
12811708274559060099
5747939488250646786
17740124161718841156
15233780928043214278
5882260900275074740
1527583382654876885
13306890275327688132
2467891073875707736
14954892636390169207
486444497100197908
9728399411789788220
13122080677582845603
15478933344881382119
18058713871990716398
8979326932308246092
17131581864098130634
10267079718411855027
6190428337919566197
11006267074493996272
11907662339341330219
10629956649116736945
892841902240776955
3958624556242576450
2267120207666162078
6558355856629773869
6212766660696284725
12981401858420418071
9680892192129691247
15766172080858288965
11156838029648554108
17683113127279019581
10875200686869750040
15158339990655208024
6169453089626863094
3461343115211259497
9316384000347056145
11116317614910471245
7673095131143380155
9063473635086922045
17234044558304302529
7836906498443115669
2872592149166472576
5600442790727894150
6783414135171273131
7115837111322540478
14328761596294176362
5561313241532784902
15531809779086710702
12020939151044906917
7057818276382159461
3856521301397500558
11378862814042060944
1303062420576971305
655040837078397383
9777440012885916975
2059040484446076765
13610125716886149441
3537911919849362074
10846555586384640717
4247314605216606087
9627982943488282748
6813215555189685002
9683075663288389123
14345688572114139564
8976945954330356080
10785102451042170731
18304276675876301054
12508379460231529453
485569370839152739
13540308391106055945
7365286917619911664
17829307829112165142
10105998947346078277
11870972093050358527
2847606853642302709
14834862791358308375
7395602335648764418
14221322334011695199
10826085677852155492
17384305637974747587
7958203121889465304
887146156455713210
12854439099067631435
2391493676168990345
3681034978394753249
16110196500618769394
1966410459528673811
826879011592216251
7417787840991270811
1995309206655180552
14636537330845950198
18087852757011188656
7922070604746703480
14290638781483123627
17804587827783370180
915233468696804519
9605163650928804668
7162329732472248853
1407341774516127427
15762350665851000920
15518197601310107765
11215087124360294235
9199408738266100606
4416183369745553393
16020948088201872223
17034121817958439063
17097948311141925354
4661537089478719713
8892799105066920790
18384536769620268736
18367931641844471801
13756077007076380209
4425290125278893038
15726249275070111310
4113527688999325278
5311799759064767047
10639256928861088576
1058618141848030679
8326674975158265894
10100659632817337244
16985928138235560883
9905395002964799743
12114296354666521784
2384168419314875422
5140970059043898798
4994133798560702388
13239540460723206222
15640137404273608870
9833021643146770369
7839725952592313406
2455219597232430365
13953624793355521685
5307231036373544271
5997108690574036579
11420190038483672810
9022510629690647202
14330713462482391254
1914813678720075625
933494205954240900
2014577021604204668
13425756364729700914
14850247448424901882
10816439238149925780
1186692149691924706
9405196038357990238
9318844987022739721
15985401077605478041
12421898586017729169
8132644300027661099
1302399816005114531
4887969225521525945
6486440824319969501
16462065510071654079
4698991087403965600
11983979216337027517
17303655273618876481
450947467635854897
6379898977865444641
11445233142339663222
13052324029879522957
11849502274243211338
10165372877879307760
16361067260185832917
11676419236225946555
16496781108221717197
16648754909303807912
673825206900011396
8249496197626656043
11340647140558066928
806527625583771574
15157786222882971678
7270172401310203714
15820078889245871826
14768285824077441490
2418515761350509614
10149839636023621428
17464932352383082768
1443465762865689530
7333720860996872967
4932679394629220416
18165887259839274137
1094158181374008542
5644256274975940984
6950646902858131499
13733299183711396665
18053072006032719426
3397750814448456185
13083947637466544010
7697416312424617097
14761903678661649042
7041507152308633242
6686919560321449032
17849075098711505379
3414193272322662488
2585858960691120399
7153723972533555620
10948031820246035031
4873350266813197711
7195884271172453748
16496512072101573118
14142589603352361627
10275008544932955024
18282844507974339127
10305022087696781783
11718601983731562635
10482993597880471193
10675782959466887779
9729199760596322795
1255326683151959431
4384016192764542191
8354333961159246380
13292599192549057315
10993987304069234369
12269457067544416732
12284449905643957729
3342532554959771259
13412583511021870690
14963664260594571832
13530786537658070560
15386872030854399723
13168092435535687994
9045672138240025563
11835196093343388250
12409785130313825962
5851925978084808847
4392728512410069710
17074491465583077358
7843724170349396981
556490665301301447
7513595650049900635
12442466998578232755
7517265028064356623
8546915261235123479
12182194209627764499
2063888812585218966
8334909951013166544
16945409375736809476
2913199543196598177
230471448167098280
1652032594537160509
4846270924925593769
12204179143270106351
4012759656068436125
11781343431866537432
17403718790900536553
15323182087454265607
12443434005640998514
2259904921145723355
7000161821570404117
1508039316401966502
12126134351072101899
13361858482396902159
1926334926350995742
12342699906992857846
15270483699229275114
10257618910540087454
8460944144210656726
14006505531759753423
18086164545151998240
1744377375100548827
836885284142953127
3943169700630594586
9124408917607150744
10130647559907578216
18218235910001477871
11931699114389522380
4951558444711923151
990405323315770401
11681114911969621108
6586242551374918907
6114521450301402949
2374486218614492162
5714056137806526091
3681785137816369400
6607522894959660473
3167252681119964819
10021158813793225078
14703121649326478108
1994185208370575893
7884610672396970077
8478355676005899103
13451366908651372781
17748120442711768638
13114791415243561517
15317533420531133076
18242055026125908657
9563514216812944529
16025639964034891641
466378851604008064
16454049276145386964
10746888551006645985
7307371787848843453
5053824065084333590
7130432207974892564
1547888936670451681
8267482809619791163
6398440028896675950
5318025488096524832
5522165369194278895
318148379603062611
13006699528800389023
2435128657693766274
453093991072308304
6190430356538463986
7442206629616727969
13712096426379676169
7715199471799841312
685026501738056644
14396626414516936016
12216654542481231088
14411264372299058176
17203273288838010940
6031684893060770632
9044679654582067882
12948287550391956141
3168678222039758244
2847976747373615981
2265866562183838509
17165298435158415334
5690035125150529570
11718187611331379776
7424657838212929293
2200099293882857707
953546225244596924
16603319006236743867
13523595579384924475
4168054468059731804
12220058013554686009
10663926975406555235
3536134638305482441
5881075003261857123
15597867337350150774
7151147917720768573
13148555490000511395
4899664999661078800
1796949264517353369
2071154460006346437
2699373674108102085
4412772987431407319
5555038898825323133
3375395351843344265
8311273478356666923
7907069890736775334
6314940447610773610
15710288075908370315
1162710140000525805
4153591368078200896
15839791186787866185
13734350115694251432
11441044202596057800
14427490848132010255
8910970306396526015
8028510222775256407
9637659273126471362
10570019278839391824
12382818439918388853
9852182927491336391
12397161960522091103
5682680975739989078
7351527344852495082
11420430997736307144
17675152771920964106
3960895107184991853
9348974598437640378
1885165945825614009
4015906175335233373
15208551488819934364
16781107376725704961
7455418954848225007
16945900867722703905
376202866923212238
8821255385777523457
15498703785433614260
975039727772618375
15323654227551774328
12487052480225099277
9744580904879989132
8662431440556869136
11905068916396139835
13941044115761006207
17222455650093506935
2949257899621049825
15914200420253258160
8763045718158209123
10951448659464147466
9055387749375402060
12783474541727920981
11171450601276063333
11827812475626121616
16365770564236975900
4011970820277862380
16721230087793895396
4121248781284534630
17808520331740242678
8746200596483123993
4929406981183734780
17603184785204981023
13406870161148236993
9103619924104535126
518407079786699915
17628067421380007541
10438606923536837449
10708168816610616337
13953736649745945456
17473008340942446125
1580666133129833290
4303019692149092050
2694420702440601020
10541731120706506876
5567885564230614602
11047551077384653755
2571589721628430002
8936296725117162772
4998072765166238330
211544479664163284
8982080346738149570
2198303678860304342
8692998216710516250
3933866740190102385
17913660131369323860
6339750202382696132
17129130359260137712
12720249687389735742
3329133389760307612
13831978946454375431
4586409685010996348
5850888173742635437
13467046257798468622
1478895476912368721
3096898013737061971
10610676704204569643
5657946419604661311
14584926607767728880
11794038733777466092
6426642437488008166
10454145530685227100
2289396231484449450
312905460113203046
5336140424361622194
262900548168648291
8562008790323780723
14884148585077947586
3271889233673119236
5947619424228799654
6645792525963519223
2428984824622561609
8060096803954263217
1499583273166909135
18155071964498937888
4049075547752170454
12186201953173981480
15398384833801260742
15061615100564834479
13472227455499889434
9174917950710380789
9971923155361080078
13467808877085212162
1957584131215374610
6147330935301370659
17105892785161765047
14171846363523734593
2583456570888055718
13847682264227644463
5850101508160992554
18115005775402434638
1178974844606935186
10152956059966622502
13299525179945745097
13416240660406213171
14748195268629932485
15597775507867525561
2559083176026432880
6052553065017974825
8784215953752568669
12721350087611295876
1559420607918018618
16782558702461089543
7786973516409899609
3598979811871516285
12044967759918239147
11721622835263814079
17811613659382750111
6151656284780328722
4350526660063815820
16994886025654249797
7437285279266462110
14674898162148148970
4008838174880651722
6609069440468192951
15160825503485490351
12910233301647305957
4606642909462843611
8924722430359399093
14724416888197087240
7369043053986509022
1466955835941278215
12655309458733086960
7771358936722633409
703413653300372105
14449368820126317566
9655646087244859990
2456252675112930784
18286044428705686144
3473026212619339922
7930274845194429288
9512826080689392669
218278136598584905
6012042041834825591
17851180202140448866
16568102157302944648
6614417756093129201
13758570051525174069
17652076262745195785
4464129306463257912
8560230033078872021
1198785391321197767
6835654306674444685
8512971314418907182
5179720173124539390
13818457167729280869
12287055506226707523
14538923136839929249
7132842219248594484
14040949936642319523
17196481885564850218
8856061515632456888
6980721321789916380
5853979455398552088
10539974962586579512
2948177579827441391
7433577394778688668
17422408982910340593
4062778321223920726
10616725527619559637
10783140397507171202
1532527466949137367
6714757258815269022
7831109163956811410
1802634079146843610
959090838605352044
11862659385414943770
8930849609833027006
17277381221847556808
15642900248865835828
1232907968643595463
0
